574 1 4 2 7 9 10 13 11 12 16 15 14 19 22 21 20 25 24 5 27 28 31 29 30 32 34 33 35
504 1 2 9 13 10 16 12 14 22 19 25 4 24 5 31 27 29 34 21 35
3 1 2 9 13 10 16 12 14 22 25 19 24 4 5 31 27 34 21 35
226 2 7 6 13 11 9 10 3 1 14 17 16 15 22 25 24 19 18 4 20 28 31 26 5 29 32 27 33 30 23 8 34 21 12 35
451 2 10 13 14 1 9 25 24 22 4 16 31 5 29 32 27 12 34 21 19 35
488 6 2 11 14 13 7 17 1 10 25 9 15 24 22 4 16 18 28 5 31 20 29 26 33 8 27 32 12 23 30 19 34 21 3 35
372 2 11 14 25 1 10 24 9 15 16 22 4 5 28 20 31 13 27 12 32 19 34 21 29 35
390 14 2 11 7 6 17 10 1 25 16 9 15 4 18 22 28 20 5 13 8 31 33 27 26 19 32 12 30 34 23 29 21 3 24 35
296 2 11 7 17 10 6 25 16 1 4 14 9 28 18 22 20 13 5 33 31 8 27 19 26 30 12 15 34 29 23 24 21 3 32 35
527 2 10 4 16 1 14 25 22 5 9 27 31 19 34 12 15 24 13 21 32 29 35
217 2 10 1 16 14 25 4 9 27 31 19 34 12 13 24 35
236 2 11 7 28 1 14 16 20 25 22 9 10 27 4 31 33 19 15 30 5 12 13 32 24 34 29 21 35
573 2 11 1 7 16 14 28 18 25 22 9 10 27 4 31 19 33 15 5 30 32 12 20 24 34 21 13 29 35
133 2 1 14 16 9 25 10 4 31 27 12 24 34 13 19 35
659 2 11 7 28 17 6 16 14 1 25 22 9 18 8 10 27 31 4 26 15 33 20 32 30 24 34 5 21 3 12 19 13 29 23 35
83 2 11 7 17 16 28 25 14 6 9 18 1 8 27 10 4 22 31 15 33 20 32 24 30 5 34 21 12 19 3 23 13 29 26 35
109 2 11 7 28 16 17 9 14 25 18 8 6 27 1 10 15 22 31 20 32 4 24 5 33 12 30 34 19 23 21 13 29 26 3 35
166 2 11 7 28 17 9 14 25 16 8 6 18 10 1 15 20 22 31 4 24 32 33 5 12 30 34 27 21 23 13 3 26 29 19 35
178 2 11 7 9 17 14 25 8 28 10 16 15 20 1 4 22 31 33 32 24 30 5 12 34 21 18 13 23 29 27 19 35
158 2 11 7 14 25 28 10 16 9 20 4 1 33 22 31 24 30 15 5 12 34 21 13 27 19 29 32 35
416 2 11 7 25 14 16 28 9 20 1 10 4 22 31 24 15 5 33 12 30 34 21 27 13 32 19 29 35
575 2 11 7 17 25 16 28 6 14 9 20 1 22 8 10 15 24 31 5 18 4 12 23 33 26 30 34 13 32 27 29 19 21 3 35
621 2 16 25 14 1 22 10 9 24 5 31 4 12 13 34 27 29 15 19 21 32 35
153 2 11 7 17 25 28 20 16 6 10 1 22 24 14 8 5 18 31 12 4 33 23 26 9 27 30 34 19 15 13 21 3 32 29 35
299 17 2 11 25 7 28 10 16 6 24 1 22 14 8 5 12 18 31 23 4 33 27 26 20 30 34 19 13 21 9 29 3 15 32 35
338 2 11 17 7 28 10 6 16 25 1 22 14 8 24 5 31 18 12 27 4 33 26 20 30 13 19 34 29 9 21 15 32 3 23 35
457 2 11 7 28 17 6 25 16 1 14 8 22 24 5 31 18 27 12 26 10 4 20 33 30 19 34 13 9 15 21 32 23 3 29 35
476 2 11 25 1 28 14 22 24 31 5 16 12 10 4 27 13 34 9 21 15 32 29 19 35
499 2 11 1 7 22 28 25 31 24 14 5 16 12 10 4 33 20 27 13 9 34 21 15 32 29 19 35
344 2 11 6 7 1 22 28 31 17 5 14 25 12 26 24 10 4 16 20 33 18 30 9 13 34 21 15 23 32 29 3 8 27 19 35
402 2 1 31 14 12 25 10 24 16 4 34 9 13 27 19 35
696 2 5 1 14 22 12 25 31 24 16 10 4 9 13 34 21 32 27 29 19 35
170 5 2 11 7 6 1 12 14 22 31 17 25 28 26 24 10 4 16 33 30 18 34 13 9 23 21 15 8 29 27 20 3 19 32 35
494 5 2 11 6 1 12 14 22 31 17 25 7 26 24 10 4 33 28 30 34 16 23 9 13 8 21 15 20 29 18 3 32 27 19 35
538 2 11 5 12 14 6 1 22 31 7 26 17 25 24 10 28 4 33 23 16 30 8 13 9 20 15 34 29 18 21 32 27 19 3 35
681 5 12 2 6 1 14 22 31 11 26 17 25 24 10 7 23 4 33 16 8 30 13 9 28 29 34 15 18 21 32 27 19 3 20 35
684 5 12 2 14 6 1 11 22 31 17 25 24 23 7 26 16 10 4 13 8 33 29 28 9 18 15 30 27 32 34 19 20 21 3 35
17 14 2 5 1 11 22 31 25 24 12 16 10 4 33 13 28 9 27 15 19 32 34 20 21 29 35
254 5 2 1 22 31 25 12 24 16 10 4 14 13 9 27 19 34 21 35
640 5 2 11 1 22 17 25 31 24 12 10 7 13 4 14 33 28 9 15 16 18 30 32 27 29 34 20 21 8 19 35
106 5 2 1 22 11 31 25 10 12 13 7 4 33 14 9 15 28 24 16 29 32 34 21 20 27 19 35
459 2 6 1 11 22 31 17 25 10 26 5 12 4 7 23 33 9 13 30 28 15 24 16 29 34 18 32 21 3 20 27 19 14 8 35
477 2 1 22 31 10 4 5 12 13 25 24 9 16 34 21 27 14 19 35
595 1 2 22 31 17 10 4 5 12 11 13 33 25 30 7 29 24 9 34 16 18 21 15 28 27 20 32 19 14 8 35
689 2 1 22 31 10 4 5 13 12 29 34 9 25 16 21 27 32 19 14 24 35
144 6 1 22 10 31 26 4 2 13 33 11 5 30 17 12 34 7 29 9 25 16 21 3 18 15 28 27 32 20 19 14 8 24 23 35
238 10 1 4 31 13 2 34 12 9 25 16 27 14 19 24 35
399 10 4 33 1 22 30 13 31 34 5 26 29 12 2 21 11 9 16 3 17 18 27 15 14 7 32 19 28 25 23 8 20 24 35
410 10 4 1 22 31 13 29 5 12 2 34 9 11 16 21 15 14 27 32 19 25 24 35
429 10 4 6 33 1 22 30 13 31 5 12 29 9 34 2 17 11 26 15 21 16 14 32 18 25 7 27 8 23 28 24 3 20 19 35
199 10 4 1 13 31 12 2 34 9 14 16 25 27 24 19 35
389 10 4 33 13 30 6 29 1 22 5 12 31 17 34 2 9 21 26 14 16 25 15 18 11 8 27 7 23 24 28 32 19 3 20 35
484 13 10 4 29 1 22 5 31 12 9 34 2 21 15 25 16 14 27 32 24 19 35
76 10 4 13 29 5 1 22 12 9 2 34 31 21 15 11 25 16 14 32 27 28 24 20 19 35
107 13 10 4 29 33 1 22 30 9 2 5 31 34 21 15 17 11 14 25 16 7 18 12 32 28 27 24 20 3 8 19 23 35
250 13 10 29 1 4 9 22 31 2 15 34 21 14 11 16 25 32 5 27 28 24 20 19 12 35
475 10 13 29 4 1 22 31 2 9 34 21 14 16 11 25 15 5 27 28 24 19 12 32 35
500 10 4 13 1 22 31 9 2 34 14 21 29 11 15 25 5 16 24 28 12 27 32 19 35
131 6 13 10 1 22 4 31 9 33 2 14 30 17 29 34 15 11 7 5 25 8 24 16 18 28 20 21 12 32 27 23 26 19 3 35
298 10 6 1 4 22 31 2 33 9 30 14 13 34 15 29 11 7 5 8 17 25 28 24 16 20 21 12 23 32 18 3 26 27 19 35
383 10 4 2 1 9 34 13 31 14 25 24 12 16 27 19 35
401 10 4 6 33 1 22 30 34 9 31 2 11 15 7 13 14 8 17 25 24 28 21 5 20 3 12 23 26 32 16 18 27 19 29 35
503 10 4 1 22 33 31 30 34 9 15 2 14 13 11 17 25 8 24 21 7 5 28 12 23 32 16 18 29 27 19 20 35
639 1 10 31 4 34 14 2 9 13 25 24 16 27 19 35
653 1 22 31 10 4 34 2 11 9 14 25 24 21 28 15 32 5 12 16 27 13 19 29 35
20 6 1 22 10 4 33 2 30 34 11 31 17 7 14 8 26 25 24 28 21 3 5 9 15 12 32 16 20 18 27 23 19 13 29 35
54 10 1 4 33 22 30 34 2 31 11 14 25 24 7 21 5 12 28 9 16 20 15 18 27 19 32 13 29 35
115 10 4 6 33 30 1 34 22 31 14 17 2 8 25 26 21 24 11 5 12 3 9 16 7 15 18 28 23 27 19 13 29 32 20 35
191 10 4 34 14 1 22 2 31 21 5 11 25 9 12 15 16 28 13 27 19 29 32 24 35
644 10 4 34 1 22 14 2 31 21 5 25 9 12 16 13 27 19 24 35
192 10 4 33 30 34 6 1 22 14 21 31 26 17 2 11 3 25 9 7 15 5 16 28 12 13 29 18 27 19 20 24 8 32 23 35
84 10 4 33 1 30 22 34 21 31 26 17 3 2 11 25 7 14 5 16 9 12 13 28 18 27 29 24 19 20 23 8 15 32 35
358 6 10 4 1 22 33 31 30 34 17 26 21 25 2 11 5 7 3 12 16 9 28 18 13 24 27 29 23 20 19 15 32 14 8 35
425 10 4 33 1 22 34 21 25 31 5 2 12 11 16 9 7 24 13 27 29 19 15 28 32 20 14 35
26 10 4 1 34 21 25 5 22 2 31 16 12 24 27 13 19 29 9 14 32 35
32 10 4 33 30 34 6 21 17 25 3 5 1 16 22 31 24 12 2 18 26 11 27 19 13 23 29 7 9 15 14 32 8 28 20 35
117 10 4 33 30 34 21 17 25 3 16 5 6 24 1 22 18 2 12 27 11 31 19 23 13 9 7 29 14 15 32 8 28 20 26 35
161 10 4 33 17 30 34 25 16 21 24 6 3 1 22 18 27 2 5 31 19 11 9 12 23 7 13 29 15 32 14 26 28 20 8 35
677 17 10 4 25 33 30 16 24 34 6 1 21 18 27 22 5 31 2 9 19 11 12 23 7 15 13 29 32 26 14 28 20 8 3 35
4 17 25 10 16 4 33 24 6 30 18 1 34 27 5 22 2 9 31 19 11 12 7 23 15 13 29 32 14 28 26 8 20 21 3 35
60 10 25 4 24 16 34 1 2 27 9 31 19 13 12 14 35
325 10 4 33 30 25 34 16 1 2 9 22 27 31 11 19 5 7 13 12 15 14 32 29 21 28 20 24 35
446 10 4 33 25 34 16 2 9 27 1 22 11 19 31 7 13 5 15 32 14 29 28 21 12 20 24 35
589 10 4 33 30 34 17 25 2 9 16 18 1 22 11 31 7 27 5 15 13 14 8 32 28 29 21 12 20 3 23 24 19 35
600 10 4 34 25 9 1 16 22 31 2 5 27 11 14 13 15 32 21 29 12 28 19 24 20 35
171 10 4 33 30 34 6 9 1 17 22 16 18 2 31 5 11 14 27 13 15 8 21 32 26 7 29 12 3 28 23 20 19 25 24 35
189 10 4 33 9 30 34 17 1 16 18 2 5 11 22 27 13 31 15 21 14 32 7 29 12 3 23 28 20 25 24 19 8 35
255 9 10 4 1 16 5 34 22 27 2 15 13 31 32 21 11 29 12 25 28 20 24 19 14 35
482 10 4 17 33 30 6 16 1 9 18 34 22 27 2 15 13 31 32 29 21 11 7 26 5 3 25 12 24 28 20 19 23 14 8 35
623 10 4 33 30 9 1 16 34 22 18 2 15 13 32 29 31 11 7 21 5 12 25 24 28 20 27 14 19 35
34 10 4 9 1 16 22 2 34 31 13 21 5 12 25 24 27 19 14 29 35
70 10 4 1 9 33 16 22 30 18 15 31 32 34 13 2 11 21 5 12 7 25 24 28 27 19 29 14 20 35
148 10 4 16 1 22 31 9 34 13 2 5 21 25 12 24 27 19 14 35
213 10 4 1 16 31 9 2 13 25 34 24 12 27 19 14 35
433 1 10 4 22 31 16 9 15 2 13 25 11 5 24 34 21 12 28 27 32 29 14 20 19 35
630 6 1 10 22 4 33 31 30 16 26 9 15 13 17 25 5 24 2 34 21 11 12 23 7 18 27 32 14 29 28 8 3 19 20 35
674 10 1 4 22 16 31 9 15 25 5 34 24 2 21 12 11 32 27 14 28 13 19 20 29 35
692 1 10 4 16 9 31 25 24 2 34 12 27 14 13 19 35
14 6 1 22 16 10 4 9 31 17 15 26 25 5 24 33 18 30 34 12 23 2 27 32 11 14 8 13 29 21 7 19 3 28 20 35
65 16 6 1 9 22 10 15 31 4 5 26 17 18 33 25 12 30 34 23 27 2 32 11 24 13 29 14 19 21 7 3 28 20 8 35
96 16 1 22 9 31 10 4 25 5 34 12 27 2 13 24 19 14 21 35
150 16 6 1 22 31 9 18 10 4 17 25 26 5 33 30 12 27 34 13 2 15 29 24 11 19 14 7 21 3 8 23 28 20 32 35
232 1 22 31 9 16 10 4 25 5 34 27 12 2 15 13 24 11 19 21 29 14 28 32 35
326 1 22 31 16 9 10 25 18 4 33 30 34 2 27 5 24 13 15 11 19 21 7 29 28 14 12 20 32 35
547 1 22 9 31 26 17 25 10 4 33 16 30 34 18 24 5 27 15 13 2 21 19 11 29 3 7 12 28 20 32 23 14 8 35
685 9 6 1 17 22 31 10 4 25 33 30 16 34 18 24 15 5 27 21 2 13 11 29 19 3 7 12 32 28 20 14 8 23 26 35
61 17 6 1 10 22 31 4 33 25 30 34 16 24 18 9 21 27 15 2 11 13 3 19 29 7 32 5 14 28 20 8 26 12 23 35
175 6 1 17 22 31 10 25 4 33 16 24 30 18 9 34 27 15 21 13 3 2 19 29 11 32 14 5 8 7 28 26 12 23 20 35
208 1 22 31 10 17 16 4 33 18 30 25 27 9 34 15 13 21 19 2 32 29 11 14 8 24 7 28 20 5 12 35
328 1 22 31 17 16 18 10 4 25 27 33 9 15 30 19 13 34 32 2 21 11 14 29 8 26 24 7 28 20 5 12 23 3 35
624 6 1 22 17 16 18 10 4 25 33 27 31 30 19 9 34 15 32 21 2 11 14 8 13 24 7 26 5 28 20 3 12 23 29 35
201 17 6 1 16 18 10 4 33 25 27 30 22 19 9 34 15 32 21 2 11 31 13 24 14 5 7 26 3 28 20 12 23 29 8 35
314 16 10 4 25 27 19 1 34 22 9 21 2 15 13 31 11 24 14 5 12 28 29 32 35
329 16 18 6 10 4 17 27 19 33 30 34 1 21 9 22 13 15 2 11 31 25 3 14 24 7 26 5 29 28 20 32 8 12 23 35
374 16 27 10 19 4 1 34 13 9 2 25 31 24 14 12 35
541 16 10 27 1 4 13 34 9 22 2 15 25 11 24 31 21 29 14 28 32 20 19 5 12 35
594 10 16 27 4 13 34 9 2 1 25 24 21 29 22 14 31 32 19 5 12 35
64 10 17 16 4 6 18 33 30 13 9 15 34 2 11 1 21 25 24 29 22 14 7 3 31 28 32 8 20 5 27 12 23 26 19 35
147 17 16 10 6 18 4 9 33 30 2 15 34 11 1 21 25 24 13 7 14 22 28 31 3 20 32 8 5 12 27 23 26 19 29 35
266 10 9 4 16 2 15 34 11 1 21 25 13 24 14 22 28 31 20 32 27 5 12 29 19 35
270 6 10 9 4 33 16 30 2 15 1 34 11 21 17 25 7 14 24 22 31 28 3 20 8 18 27 32 5 12 13 26 23 19 29 35
277 10 4 9 16 1 34 2 25 14 24 31 27 13 12 19 35
294 10 4 16 9 34 1 21 2 14 25 22 24 31 5 13 27 12 29 19 32 35
359 10 4 16 9 1 34 2 14 25 21 22 24 31 5 13 27 12 19 35
688 10 4 33 30 6 9 34 2 1 11 14 17 21 22 25 31 8 24 7 5 16 28 13 18 12 26 15 23 29 27 3 20 32 19 35
24 10 4 33 6 9 30 1 2 11 14 17 34 22 31 25 8 24 7 5 28 16 12 13 18 23 26 15 29 27 21 32 20 19 3 35
263 10 4 1 9 2 22 34 31 25 14 5 24 16 12 13 29 27 21 32 19 35
349 10 4 9 2 1 34 22 14 25 5 16 24 12 13 31 27 19 35
530 9 10 2 4 33 1 11 22 14 30 25 7 5 24 16 28 12 34 31 13 27 19 15 32 20 21 29 35
73 6 9 10 1 4 33 22 17 2 14 25 30 24 5 11 16 18 7 31 34 12 13 27 23 15 32 19 26 21 28 8 29 3 20 35
77 1 9 22 10 4 2 14 33 30 25 16 11 24 18 7 31 13 34 5 27 15 12 19 32 28 21 20 29 35
200 9 6 1 10 4 2 14 33 30 17 25 16 24 18 11 13 7 22 27 34 5 15 19 12 32 28 31 8 21 20 29 3 23 26 35
452 10 9 2 4 1 33 25 24 16 11 13 27 22 34 15 5 32 12 19 28 31 14 20 21 29 35
605 9 2 1 10 4 16 11 25 13 22 27 34 15 32 5 19 12 28 31 14 20 29 21 24 35
626 2 9 10 4 1 25 16 13 22 34 5 27 12 31 14 29 21 24 19 35
687 2 9 10 4 33 30 11 6 1 16 13 17 7 34 22 18 15 5 27 32 12 28 31 25 20 21 29 3 26 14 19 23 24 8 35
163 2 10 4 11 33 30 16 6 1 7 13 17 18 22 34 27 5 9 28 12 15 20 31 25 29 21 3 19 26 32 23 24 14 8 35
173 2 11 10 16 4 33 7 6 1 17 18 30 27 22 34 28 9 5 20 15 12 25 31 13 19 21 3 32 26 23 14 8 24 29 35
281 10 2 11 4 33 7 16 6 1 30 18 27 34 28 22 20 17 9 25 15 5 13 19 31 21 3 32 26 14 12 29 24 8 23 35
431 2 10 16 4 27 34 1 9 25 5 22 19 21 31 12 14 13 24 35
464 2 11 7 16 10 4 6 18 33 28 27 30 20 1 34 5 17 25 22 19 9 31 21 15 12 26 3 23 13 14 29 8 24 32 35
473 16 2 10 4 27 1 25 19 9 31 12 34 13 14 24 35
700 16 2 11 10 27 4 28 5 20 25 19 1 12 9 22 15 34 21 13 31 24 14 29 32 35
19 2 11 16 7 10 18 28 4 27 17 20 33 25 30 5 19 12 6 9 23 1 34 21 15 24 13 22 32 29 31 3 26 14 8 35
44 16 2 27 10 25 4 19 5 12 1 34 24 21 9 13 22 15 29 31 14 32 35
91 2 11 16 7 28 18 17 25 10 4 20 27 33 5 1 30 12 24 34 23 9 13 21 15 22 29 31 3 14 32 8 19 35
222 16 2 11 28 10 4 27 1 5 12 25 9 34 15 13 21 22 31 29 32 14 19 24 35
276 16 2 10 11 27 4 5 12 9 25 15 34 13 21 1 29 32 22 19 14 24 31 35
438 10 2 16 11 7 18 4 28 27 5 20 17 33 30 12 9 23 25 15 34 13 21 29 6 32 19 1 3 24 22 31 26 14 8 35
651 10 16 2 4 18 11 5 27 7 33 17 28 12 30 9 23 25 15 34 21 13 6 29 32 3 1 19 22 31 24 14 8 26 20 35
332 10 4 2 11 5 16 33 7 18 28 12 27 30 23 9 34 15 17 13 21 6 29 3 32 1 22 19 14 31 25 8 26 20 24 35
414 10 4 2 16 5 33 18 11 7 27 12 30 9 34 13 15 29 21 32 1 19 14 22 25 31 24 28 20 35
698 2 10 4 33 16 18 11 7 27 30 5 12 17 34 9 15 13 29 6 21 32 1 3 19 25 22 14 24 31 8 26 28 20 23 35
36 2 10 4 16 11 27 5 12 34 9 15 13 29 1 21 32 19 22 14 25 31 28 24 35
181 2 10 4 11 16 18 7 33 27 30 34 5 6 12 9 1 13 29 21 19 15 22 3 17 31 25 32 26 23 14 28 20 24 8 35
352 2 10 4 16 34 9 1 12 13 27 31 25 14 24 19 35
572 10 2 11 4 33 16 6 30 18 34 7 5 13 1 12 29 21 9 22 17 27 31 3 25 26 14 15 24 28 23 8 19 20 32 35
654 2 11 10 6 4 33 30 34 16 13 7 18 1 29 5 22 21 9 31 27 12 26 3 17 14 15 25 8 28 23 20 32 19 24 35
108 2 11 10 4 33 30 16 34 6 7 18 1 5 22 13 9 21 31 12 27 26 3 14 29 15 8 17 28 20 23 32 19 25 24 35
341 10 4 2 16 34 1 9 13 31 12 27 14 19 25 24 35
355 2 10 4 16 33 30 6 1 11 22 18 5 9 13 34 31 12 21 15 26 27 17 29 14 32 7 8 19 23 28 25 24 20 3 35
507 2 10 4 6 33 30 1 22 11 5 9 16 31 13 34 12 15 21 26 17 18 14 29 32 8 7 27 28 23 25 20 3 24 19 35
515 10 4 2 1 9 16 31 34 13 14 27 25 19 24 35
516 2 10 4 9 1 31 16 13 34 14 27 12 25 19 24 35
524 10 4 2 9 6 33 1 22 31 15 16 30 5 13 26 32 18 34 14 8 11 29 27 7 12 28 20 23 21 17 19 3 25 24 35
526 2 9 10 4 33 15 1 22 16 30 31 13 32 14 34 11 29 27 7 5 28 20 12 19 21 25 24 35
557 9 10 4 15 16 1 22 13 31 32 34 14 2 29 27 11 28 19 5 21 25 24 12 35
628 10 4 33 16 9 1 22 13 30 31 34 15 29 32 2 27 11 14 19 7 28 5 20 21 25 12 24 35
632 6 10 4 1 33 16 22 30 9 31 34 18 26 15 13 27 32 29 19 14 2 5 11 7 21 17 28 3 12 25 23 8 24 20 35
66 6 1 10 22 4 33 31 9 30 26 34 16 15 18 27 32 19 13 5 14 2 21 11 7 3 28 29 12 23 17 8 20 25 24 35
103 1 22 31 10 4 34 9 16 13 27 19 2 21 5 12 14 25 24 35
104 1 22 10 4 31 34 9 15 13 32 16 2 27 21 5 11 28 12 29 14 20 25 24 19 35
321 6 1 22 31 10 4 26 33 30 9 15 13 2 32 34 21 16 18 11 5 3 7 28 12 17 23 29 20 14 8 25 24 27 19 35
377 6 1 22 31 26 10 9 4 33 15 13 2 32 30 34 16 18 11 5 7 21 17 12 28 23 29 20 14 8 25 27 19 24 3 35
474 6 1 22 10 9 31 4 33 15 32 2 26 30 34 16 11 5 18 17 21 7 28 12 23 14 20 13 25 8 27 24 3 19 29 35
479 10 1 9 4 22 32 2 31 16 34 5 21 12 14 13 25 27 24 29 19 35
601 6 1 10 22 4 9 33 15 32 31 30 16 34 2 11 17 18 7 21 28 5 14 12 23 25 27 20 8 24 13 26 3 19 29 35
612 1 22 9 10 4 31 32 16 2 34 5 14 25 12 27 24 13 19 29 21 35
649 9 1 10 4 22 16 2 34 5 14 25 27 12 31 19 24 13 21 35
105 9 10 16 4 1 15 32 33 2 18 30 11 34 22 7 28 17 27 14 25 8 5 12 20 19 31 13 21 24 29 23 35
122 10 16 1 4 9 2 15 11 22 34 28 27 14 25 5 12 31 19 13 24 21 29 32 35
221 16 1 2 9 10 11 15 4 7 33 28 22 30 27 14 25 20 5 12 31 13 19 24 29 34 32 21 35
346 2 16 9 11 10 15 4 18 7 28 33 30 27 1 14 22 17 20 5 8 12 13 31 19 29 25 32 23 34 21 3 24 35
472 9 6 2 15 10 11 4 7 16 33 30 28 14 1 18 22 17 20 8 5 12 31 13 27 32 25 29 23 34 21 3 26 24 19 35
539 2 9 11 15 10 7 4 33 28 14 30 1 22 16 20 8 17 31 5 12 13 32 18 25 29 34 21 24 27 19 35
560 2 11 6 7 10 9 28 4 33 14 30 1 16 20 22 8 31 15 13 17 5 18 32 25 34 29 12 21 3 26 27 19 24 23 35
673 2 9 10 4 16 1 22 14 13 31 5 25 34 12 21 27 19 24 35
142 6 9 2 10 4 11 33 7 28 1 22 30 14 15 20 31 16 18 5 17 32 12 25 34 21 27 13 26 3 19 23 24 8 29 35
146 10 6 9 4 33 2 1 11 7 30 14 22 31 15 28 5 16 18 12 32 20 34 21 17 27 26 13 23 3 19 8 29 25 24 35
440 9 10 4 33 6 1 30 2 11 22 31 7 15 28 14 16 18 5 32 34 20 21 17 27 26 12 23 3 19 8 25 24 13 29 35
471 9 10 4 1 2 31 14 16 34 27 12 25 19 24 13 35
576 9 10 4 2 33 11 15 1 7 22 31 28 32 16 20 30 34 21 27 5 12 14 25 24 19 13 29 35
35 10 4 2 33 11 9 7 15 28 1 22 16 20 32 30 34 18 17 21 3 5 27 31 12 25 14 23 24 19 8 13 29 35
353 10 4 2 11 28 9 1 22 15 32 34 16 21 5 12 31 25 14 24 27 13 29 19 35
386 10 4 2 1 9 34 16 31 25 24 12 27 13 14 19 35
79 10 4 33 6 2 11 1 22 7 30 34 28 16 20 9 17 21 3 18 5 15 31 25 24 27 12 23 14 19 32 26 8 13 29 35
134 10 4 33 2 11 7 30 1 28 34 16 20 9 17 21 18 15 5 22 27 25 24 14 12 32 19 31 13 29 8 35
267 2 10 4 11 7 33 28 30 6 20 34 16 17 9 21 15 3 18 27 1 22 25 24 14 32 5 12 13 19 31 8 29 26 23 35
313 2 11 10 7 28 4 20 6 33 17 30 34 21 9 15 3 16 18 25 1 22 24 14 32 13 5 12 8 31 27 26 29 23 19 35
531 2 11 7 28 20 10 6 17 4 33 30 34 9 15 21 25 3 16 1 22 24 32 14 13 5 12 8 31 26 18 23 29 27 19 35
537 2 11 10 28 20 4 34 9 21 15 16 1 22 32 25 5 13 14 12 31 27 19 29 24 35
551 2 11 28 10 4 9 34 21 15 16 1 22 32 5 14 12 13 31 27 19 29 25 24 35
252 2 11 10 4 28 9 15 34 21 16 32 1 22 5 14 13 12 31 27 19 29 25 24 20 35
272 10 2 11 4 9 15 34 21 16 32 5 1 22 14 28 12 27 31 19 13 25 24 29 35
342 10 4 2 33 11 7 30 34 9 16 21 3 6 5 15 1 22 14 17 12 28 18 8 23 27 19 31 26 13 20 29 25 24 32 35
598 2 10 4 11 7 33 16 30 34 21 3 6 5 1 9 14 17 22 28 18 12 27 8 23 19 31 26 20 13 29 25 24 15 32 35
92 10 4 2 33 16 11 30 34 21 6 3 5 1 9 7 22 17 28 18 27 12 19 23 14 31 26 20 25 13 29 24 15 32 8 35
94 2 10 4 11 16 33 6 30 34 1 21 3 7 22 5 28 18 9 27 19 12 31 23 14 20 26 17 13 29 25 8 15 32 24 35
225 2 11 10 4 33 6 30 34 1 7 21 3 28 5 22 9 16 18 12 31 27 14 20 23 17 26 19 8 25 13 15 32 24 29 35
322 2 11 10 6 4 33 1 7 30 28 34 21 22 9 3 16 18 5 31 27 12 20 17 23 26 19 14 15 25 13 32 24 29 8 35
462 10 2 11 4 33 6 30 7 28 34 21 1 3 9 22 5 31 16 12 20 18 17 23 26 15 14 27 25 13 32 24 29 8 19 35
641 10 4 2 33 30 11 34 7 28 21 3 6 5 9 1 12 16 22 18 20 31 23 15 26 14 27 17 13 32 25 8 29 19 24 35
662 10 4 34 2 21 11 5 12 9 1 22 16 31 28 15 14 13 27 25 32 24 29 19 35
90 10 4 33 2 30 34 5 11 7 6 12 21 1 22 3 23 16 18 31 28 9 26 17 15 13 27 25 24 32 14 29 20 19 8 35
244 2 10 4 33 30 34 6 11 7 1 21 5 22 3 12 31 16 18 26 9 28 15 13 17 27 25 24 32 29 14 20 8 19 23 35
360 2 10 4 11 1 22 5 34 31 12 21 16 28 9 15 13 27 25 24 32 29 14 19 35
362 2 10 4 11 33 30 7 6 1 5 34 22 12 21 31 28 26 16 18 17 9 13 27 25 20 24 15 14 29 19 23 8 3 32 35
375 2 10 4 1 12 31 34 16 13 9 25 27 14 24 19 35
441 2 11 7 6 10 4 1 22 5 31 12 33 26 28 30 17 16 18 25 9 13 20 27 14 24 15 23 19 29 8 32 34 21 3 35
643 2 11 7 6 1 10 22 31 5 26 12 4 28 17 33 25 16 18 20 9 13 24 14 27 15 23 19 32 8 29 30 34 21 3 35
118 6 2 11 10 1 22 31 26 7 4 28 5 33 12 17 20 16 18 13 9 25 14 27 15 19 23 32 8 29 30 34 21 3 24 35
169 2 11 1 22 31 10 28 4 20 5 16 13 25 14 9 15 27 19 32 12 34 29 24 21 35
320 2 11 1 22 28 31 10 4 20 16 25 13 9 15 14 27 19 32 5 24 29 34 21 12 35
335 2 1 22 31 10 4 25 16 13 9 27 14 19 24 5 34 21 12 35
450 6 1 2 22 11 7 10 31 26 4 28 17 33 13 25 9 16 18 14 15 27 8 32 24 30 29 19 34 21 5 3 20 12 23 35
545 1 22 10 2 11 31 4 33 7 25 28 9 16 14 27 15 24 32 19 34 13 5 21 12 20 29 35
11 10 1 22 31 2 4 26 17 33 25 11 16 9 7 18 27 14 8 15 24 19 32 30 34 28 5 21 3 12 20 23 13 29 35
97 1 22 2 31 10 17 4 11 25 33 7 9 16 18 27 14 24 15 19 30 34 32 28 5 21 20 12 13 29 8 35
139 1 22 31 2 11 10 7 25 4 16 18 9 27 14 24 19 15 33 32 28 30 5 20 34 12 21 13 29 35
184 6 1 22 2 11 31 7 26 17 16 25 10 9 18 27 19 24 4 15 32 33 28 30 14 20 34 5 21 8 12 13 29 3 23 35
193 2 1 11 7 22 17 31 25 10 9 16 18 27 24 4 15 33 28 32 14 30 20 34 21 5 13 8 12 29 23 19 35
265 6 1 2 22 17 11 31 26 25 16 9 7 18 27 24 15 10 4 14 32 28 20 33 30 13 34 21 8 29 5 19 3 12 23 35
439 2 1 11 17 22 16 25 31 18 9 7 27 15 24 14 10 32 28 20 13 4 33 8 30 34 29 19 5 12 21 35
496 1 2 16 22 25 31 27 9 11 14 24 15 32 10 13 28 4 29 34 5 12 19 21 35
502 16 2 1 25 27 22 9 11 14 15 32 24 31 10 28 4 13 5 34 19 12 21 29 35
15 16 18 25 1 27 9 22 14 15 2 32 24 31 10 11 4 7 33 13 5 19 30 34 12 28 21 29 20 35
37 17 16 1 25 18 22 14 9 2 15 32 10 31 24 11 4 7 33 8 5 27 19 30 34 12 28 21 23 20 3 13 29 35
40 17 6 1 25 22 16 2 9 18 15 32 14 11 24 31 7 26 10 5 8 4 27 19 33 28 12 30 20 23 34 13 29 21 3 35
220 17 25 6 16 1 22 18 9 15 14 32 2 24 31 11 10 26 5 8 4 27 33 19 7 30 12 28 34 13 23 21 3 29 20 35
307 16 6 17 18 1 22 14 9 15 32 2 25 11 10 31 8 26 5 27 4 33 7 19 30 28 34 12 21 13 23 20 3 29 24 35
330 17 6 16 1 22 18 9 15 32 25 2 11 10 31 14 26 27 5 4 33 7 30 28 19 34 21 12 20 13 23 24 3 29 8 35
381 1 16 22 9 32 2 25 14 31 5 27 10 4 19 12 34 13 24 29 21 35
492 6 1 22 9 15 16 32 2 17 11 25 14 5 31 26 10 7 18 4 33 28 30 12 27 34 23 20 13 24 8 21 3 29 19 35
8 6 1 22 9 15 32 17 2 11 25 14 5 10 31 26 4 7 16 33 30 28 34 12 18 23 20 27 24 21 8 3 19 13 29 35
18 6 1 22 17 9 15 25 2 11 14 5 32 31 26 10 7 16 4 28 33 30 18 12 23 24 20 27 8 34 21 13 29 19 3 35
102 1 25 9 15 2 11 14 5 32 22 7 10 31 16 28 4 33 24 12 27 20 34 21 13 19 29 35
275 1 2 25 9 5 11 14 22 7 15 31 10 16 28 4 24 33 12 27 20 34 21 19 32 13 29 35
286 2 1 5 9 11 22 14 7 31 15 28 16 25 24 10 12 4 33 20 27 34 19 32 13 29 21 35
311 6 1 2 9 17 11 22 7 14 15 31 28 25 16 18 24 5 12 23 10 4 27 20 8 19 33 30 32 26 13 29 34 21 3 35
460 6 1 9 22 2 11 14 15 7 31 28 17 16 18 25 5 12 23 10 4 27 8 20 19 32 33 30 26 24 13 34 21 3 29 35
584 1 22 9 2 11 31 15 7 16 28 5 25 10 12 27 4 14 19 32 20 33 30 13 34 24 29 21 35
663 9 6 1 22 31 2 15 16 11 18 17 7 5 25 10 27 12 23 19 14 4 32 26 28 13 33 30 29 24 34 8 21 3 20 35
59 1 22 31 9 15 16 18 2 5 17 11 10 27 25 12 23 19 14 4 32 13 7 33 30 29 8 34 24 21 3 28 20 35
197 1 31 16 9 2 10 25 27 14 19 4 13 34 24 35
456 1 31 9 10 2 16 12 14 25 4 27 13 34 24 19 35
535 6 1 22 9 5 31 12 2 10 17 14 11 25 23 16 26 4 18 15 13 33 8 7 30 29 34 21 32 24 3 28 20 27 19 35
16 9 6 1 22 31 5 10 17 2 14 25 11 26 16 12 4 15 18 33 8 13 30 29 7 34 21 32 3 24 28 20 27 19 23 35
29 1 22 31 10 9 14 2 25 11 4 16 5 15 13 34 29 21 32 24 28 20 27 19 12 35
290 1 22 31 9 10 2 25 4 11 16 5 33 15 14 30 34 13 21 7 29 24 32 27 28 20 19 12 35
291 6 1 22 31 26 9 17 25 2 16 11 10 18 5 4 14 15 33 30 34 21 24 7 13 27 32 3 19 28 20 8 12 23 29 35
523 1 22 31 25 2 9 10 11 16 4 5 15 24 34 21 27 13 32 19 28 20 14 12 29 35
657 1 22 31 2 9 25 16 11 10 5 4 15 24 33 7 30 34 27 13 21 19 28 32 12 20 14 29 35
260 6 1 22 2 31 26 16 17 25 11 18 10 4 9 15 7 33 24 27 30 34 13 19 21 28 32 5 20 14 12 29 8 3 23 35
305 1 22 31 2 11 16 10 4 9 15 7 27 33 25 34 24 28 19 21 32 20 5 12 13 29 14 35
336 6 1 22 2 11 31 26 16 18 9 10 4 7 15 27 33 30 17 28 34 25 32 19 21 20 5 12 3 24 13 14 8 23 29 35
388 2 6 1 11 22 31 9 26 16 7 18 10 15 27 4 28 17 33 32 25 30 20 19 34 5 12 21 14 13 24 8 23 29 3 35
614 1 2 9 22 31 16 10 15 4 27 32 25 34 5 19 21 12 13 24 14 29 35
10 6 1 9 22 31 26 10 16 2 4 15 18 33 27 11 30 32 17 34 25 7 21 5 19 13 12 28 3 14 24 29 23 8 20 35
100 1 22 10 31 4 16 2 9 27 11 34 15 21 25 13 5 19 12 28 29 24 14 20 32 35
167 6 1 22 31 26 10 2 4 33 30 16 18 11 34 27 21 17 9 7 13 25 5 3 19 12 28 29 23 14 24 20 8 15 32 35
237 1 10 31 4 16 2 27 34 9 25 13 19 12 24 14 35
280 1 22 31 26 10 16 4 33 2 18 27 17 30 34 11 9 25 13 19 21 29 3 5 7 24 12 28 14 8 20 15 32 23 35
345 6 1 22 10 31 26 2 4 33 17 16 18 11 30 34 25 9 13 21 29 27 7 3 5 28 24 12 20 19 14 15 32 23 8 35
566 1 31 2 10 4 16 25 34 13 9 24 12 14 27 19 35
579 1 22 31 10 4 2 25 33 11 13 30 34 9 29 21 7 28 16 5 24 12 20 18 15 27 14 32 19 35
42 6 1 22 10 31 26 4 2 17 13 33 11 9 30 34 29 21 7 16 28 25 3 24 5 18 15 20 27 32 14 19 8 12 23 35
111 1 22 31 10 4 2 33 11 13 34 29 21 7 16 25 28 24 9 20 27 15 14 19 32 5 12 35
195 6 1 22 31 26 10 2 4 33 11 30 13 34 21 29 7 17 25 28 3 24 20 9 16 15 14 18 32 8 27 5 12 23 19 35
256 6 1 22 31 26 2 11 10 4 13 33 30 7 29 34 28 17 25 20 24 21 9 15 16 32 18 14 27 8 5 19 12 23 3 35
378 6 1 22 2 11 31 10 4 13 7 33 30 28 34 29 20 17 25 9 21 24 15 32 16 14 18 27 8 5 19 3 12 23 26 35
393 2 6 1 11 22 31 7 13 10 28 4 33 20 29 30 9 17 25 15 24 34 32 14 16 8 18 27 5 19 21 26 12 23 3 35
470 2 11 6 7 1 22 10 28 13 4 33 20 30 29 9 17 25 15 34 24 32 16 14 8 18 27 5 21 19 31 3 12 23 26 35
699 2 11 7 10 6 1 28 13 4 20 33 30 29 17 9 25 15 34 16 24 32 18 22 14 27 5 21 19 3 31 12 23 26 8 35
129 2 1 13 10 4 9 34 25 24 16 14 27 12 31 19 35
249 2 11 7 28 13 20 10 29 4 33 30 34 1 25 9 15 16 24 22 18 14 5 27 21 12 31 19 32 35
285 2 13 10 4 34 25 16 9 24 1 27 5 14 12 21 19 22 31 35
331 2 11 7 28 20 13 10 4 33 17 30 34 16 25 29 9 15 18 27 24 6 5 12 14 19 21 3 32 23 1 8 22 31 26 35
427 2 11 7 28 20 13 10 4 33 34 9 25 29 15 16 24 27 14 19 5 32 21 1 12 22 31 35
458 2 13 10 4 9 25 16 24 27 14 19 34 1 31 35
480 2 13 10 4 9 16 25 27 24 14 5 19 34 21 12 1 22 31 35
517 13 2 11 7 28 20 17 10 4 9 33 30 29 25 16 6 24 18 5 27 19 15 34 14 1 12 21 22 31 23 32 26 3 8 35
578 13 2 10 4 25 9 24 16 27 34 14 1 12 31 19 35
615 13 2 10 4 9 25 16 34 27 1 14 12 31 19 24 35
642 10 2 4 13 9 25 34 16 27 14 1 12 31 24 19 35
121 2 11 10 7 28 4 20 17 33 6 30 13 5 25 9 16 34 21 14 18 27 1 22 3 12 23 15 31 26 24 8 19 29 32 35
198 10 2 11 4 7 28 6 33 20 13 5 30 9 16 17 34 21 25 1 18 27 12 22 3 23 15 31 26 24 14 29 32 19 8 35
219 10 4 2 11 7 28 33 20 6 30 9 5 34 17 13 21 25 1 12 16 18 3 22 23 31 26 15 24 14 29 8 32 27 19 35
303 2 10 4 5 9 34 21 13 12 1 25 16 22 31 24 14 29 32 27 19 35
627 10 2 11 4 7 28 6 33 5 30 34 9 13 21 12 1 3 17 25 16 23 22 31 15 14 26 24 8 29 32 18 27 19 20 35
209 10 4 2 6 11 7 5 33 30 9 13 34 1 12 21 3 28 17 22 23 16 15 31 14 26 8 25 32 29 18 20 27 19 24 35
518 2 10 11 4 5 1 34 13 21 12 22 28 16 9 31 14 25 15 29 24 27 19 32 35
603 10 2 11 4 33 7 30 5 6 34 21 13 3 12 1 16 28 22 9 23 31 26 17 14 15 20 25 18 29 24 27 19 32 8 35
655 2 11 10 7 4 33 5 30 34 13 21 3 12 16 6 9 28 1 23 22 31 15 14 26 18 20 17 29 27 25 32 8 19 24 35
172 2 11 7 5 10 4 33 30 34 12 21 3 16 9 13 28 23 6 15 1 22 18 14 31 20 17 29 27 25 32 19 24 8 26 35
207 5 2 11 10 4 33 12 30 34 16 21 3 9 7 28 6 15 23 1 22 18 31 20 13 27 17 29 32 19 25 26 24 14 8 35
231 2 10 4 16 34 9 1 12 22 31 13 27 25 19 24 14 35
248 10 4 2 33 16 11 30 34 5 21 3 6 7 28 1 22 12 9 18 31 15 17 27 20 25 32 13 24 19 26 23 29 14 8 35
259 10 4 33 30 16 2 34 21 5 3 11 7 28 6 1 18 12 22 31 17 9 27 20 25 13 24 15 19 23 26 29 14 8 32 35
324 10 4 33 2 16 30 5 34 21 11 7 28 18 3 6 12 1 22 17 27 31 25 13 20 24 19 9 29 23 26 14 8 15 32 35
453 2 10 4 33 30 5 11 34 21 7 28 16 12 1 22 31 25 20 24 27 9 19 13 14 15 32 29 35
512 2 10 4 5 11 33 7 30 34 6 16 28 12 1 21 22 31 17 18 20 25 9 27 24 26 19 13 23 14 15 8 32 29 3 35
224 10 4 5 33 2 11 30 34 12 7 28 1 22 21 31 16 20 25 9 24 13 27 14 15 32 29 19 35
444 10 4 33 6 5 2 30 34 12 1 11 7 22 31 21 16 17 28 26 25 9 18 24 23 27 13 14 3 15 8 19 29 32 20 35
582 6 10 4 2 33 30 1 34 5 22 11 7 31 16 21 26 28 17 9 18 25 27 24 12 3 13 14 15 19 8 32 20 29 23 35
593 2 10 4 34 1 31 9 25 16 12 24 13 14 27 19 35
41 2 10 4 6 5 33 11 1 30 7 22 34 28 31 26 17 25 9 12 16 18 13 24 21 14 15 32 8 23 27 29 20 19 3 35
47 10 4 2 33 5 11 30 7 6 34 28 1 17 22 31 12 25 26 13 16 18 21 24 14 8 9 15 29 27 23 3 19 20 32 35
58 2 10 4 11 5 33 7 30 17 28 1 22 31 12 13 25 16 18 34 24 14 8 29 9 15 27 21 20 19 32 35
333 10 4 2 5 1 22 13 12 31 25 34 24 16 29 14 9 15 21 32 27 19 35
348 2 5 10 11 4 7 1 33 28 22 13 12 31 25 29 24 34 9 14 15 16 20 21 32 27 19 35
380 10 2 4 1 13 31 25 34 24 9 12 14 16 27 19 35
553 10 4 2 33 6 11 13 1 7 22 31 28 29 26 5 30 34 17 9 12 25 16 14 23 21 20 15 18 3 32 27 19 8 24 35
645 10 4 33 2 11 6 7 1 22 28 31 13 30 5 26 34 9 17 16 25 12 21 23 14 15 18 20 3 32 27 19 24 8 29 35
647 2 10 4 6 11 7 1 22 28 13 31 33 26 5 30 9 34 16 12 21 17 15 23 14 20 3 18 32 27 19 29 8 25 24 35
5 2 6 10 11 7 1 13 28 22 31 26 4 5 33 30 12 34 9 21 15 16 20 23 17 3 32 18 29 27 19 25 24 14 8 35
56 2 1 10 22 31 4 5 12 9 34 21 13 32 29 16 25 27 24 14 19 35
63 6 1 2 10 22 11 31 26 7 5 4 33 12 9 30 15 34 21 13 17 28 23 32 3 29 25 16 24 18 27 19 14 8 20 35
75 10 1 22 31 2 11 7 4 33 5 30 9 15 13 34 21 28 12 29 32 16 25 24 27 19 14 20 35
141 1 22 2 31 10 4 9 5 34 21 12 13 16 25 24 14 27 19 35
203 6 1 22 31 26 2 11 7 10 9 4 33 15 5 30 28 17 34 13 12 21 32 16 25 14 18 24 8 27 19 29 23 20 3 35
403 6 1 22 31 26 2 10 9 11 4 33 15 30 7 28 34 13 17 21 32 5 25 16 14 24 18 8 29 27 19 3 20 12 23 35
419 1 22 10 2 31 4 9 34 21 25 13 24 16 14 27 19 5 12 35
435 10 6 1 4 2 22 33 11 31 30 34 9 17 7 28 25 21 15 24 13 32 14 16 18 8 29 3 20 27 19 5 12 23 26 35
591 6 1 10 22 4 33 31 30 2 17 34 9 25 11 7 24 21 15 14 13 32 16 18 8 29 3 28 27 19 5 26 12 23 20 35
602 10 6 1 4 33 22 2 30 31 9 34 17 11 7 25 15 21 14 32 13 16 8 29 18 28 3 27 5 26 19 12 23 20 24 35
7 10 4 6 33 2 1 30 9 22 34 17 11 25 7 15 21 32 31 13 16 14 29 28 18 3 27 8 19 26 5 24 20 12 23 35
71 10 4 2 34 9 1 25 13 14 16 27 19 24 31 12 35
127 10 4 33 2 30 34 9 17 6 25 11 21 13 15 7 14 32 1 29 16 3 8 18 28 27 19 24 5 12 22 23 20 31 26 35
343 10 4 34 2 25 21 13 11 14 9 1 29 15 16 27 28 19 24 5 22 12 31 32 35
394 10 4 33 30 34 17 25 21 13 14 2 9 1 11 29 15 8 7 16 28 18 27 22 5 24 31 12 32 20 19 35
607 10 4 34 21 13 14 2 25 11 29 1 9 28 16 27 22 5 31 24 12 15 20 19 32 35
652 10 4 33 30 34 21 13 17 25 2 11 1 29 14 3 9 7 28 16 18 5 22 27 12 31 24 23 15 20 32 19 8 35
656 10 4 34 25 2 1 14 13 9 16 12 27 24 31 19 35
675 10 4 33 17 30 34 25 21 2 11 14 13 7 5 28 1 16 18 22 12 24 27 23 20 31 8 9 29 19 15 32 35
690 10 4 25 34 21 2 14 13 5 1 16 12 22 24 27 31 19 9 35
25 25 10 4 14 2 34 13 1 16 12 27 24 31 19 9 35
45 25 10 14 4 13 34 5 2 16 21 11 12 1 27 24 22 29 28 31 19 9 20 15 32 35
51 25 14 13 10 4 5 33 30 16 34 12 21 2 18 11 1 27 24 29 22 31 19 7 9 15 28 32 20 35
78 14 17 25 10 4 13 6 33 30 16 34 5 2 8 21 18 11 12 27 1 24 22 31 29 19 7 23 28 9 15 20 26 3 32 35
297 14 17 25 13 6 10 16 4 33 5 30 34 8 18 21 12 27 2 24 1 22 29 31 19 23 11 7 9 15 28 32 26 3 20 35
407 13 14 16 10 4 34 12 27 25 24 1 31 19 9 2 35
437 13 14 16 10 4 34 12 27 25 24 1 9 19 2 31 35
448 17 13 14 10 4 16 33 30 18 34 8 5 21 25 27 24 29 1 22 12 9 15 19 32 2 11 7 28 31 20 23 35
491 10 14 4 13 34 16 21 5 25 24 1 29 12 9 22 15 32 27 2 11 28 31 20 19 35
617 17 14 10 13 4 33 16 30 34 5 25 8 18 24 6 12 29 1 9 15 22 27 32 21 3 2 11 23 31 7 19 26 28 20 35
636 10 13 14 4 16 34 12 25 1 24 27 9 2 31 19 35
660 13 14 10 16 4 33 18 5 30 6 17 8 1 25 12 22 24 29 27 9 34 23 15 21 2 11 31 19 7 26 28 20 32 3 35
48 14 10 13 4 16 5 1 12 25 22 24 29 9 34 2 15 21 11 31 27 28 32 19 35
112 14 10 4 33 13 5 30 17 6 8 1 12 25 24 22 29 23 16 34 2 18 21 11 9 7 31 27 28 20 26 3 19 15 32 35
113 14 10 4 13 5 33 12 25 29 24 1 16 34 2 21 11 7 9 28 27 22 20 31 19 15 32 35
160 10 4 13 33 5 14 30 17 12 6 25 29 1 24 23 34 2 16 21 11 18 7 28 9 22 20 27 31 3 19 26 15 32 8 35
188 10 4 33 5 30 14 12 6 17 1 25 13 23 34 24 2 21 16 11 7 18 28 22 29 20 27 31 3 19 26 8 9 15 32 35
262 5 10 4 14 12 33 1 13 2 34 25 11 16 21 7 28 22 20 29 31 27 19 9 15 32 24 35
273 14 10 12 4 1 2 25 34 16 31 13 27 9 19 24 35
283 5 12 14 23 10 4 17 33 6 25 30 2 34 11 7 21 16 1 18 28 22 13 20 31 9 3 27 8 24 19 15 32 29 26 35
365 5 12 10 4 14 34 2 21 1 16 22 13 31 9 27 15 19 25 29 32 24 35
369 10 5 12 14 4 33 6 17 30 2 34 21 1 11 7 22 16 18 31 28 13 20 9 3 8 27 15 26 25 19 24 29 32 23 35
442 10 5 12 4 33 6 2 30 14 34 21 1 11 7 22 31 16 18 28 20 13 9 3 8 15 26 27 19 17 25 32 29 23 24 35
650 5 12 10 6 4 33 30 34 14 1 21 2 22 31 11 16 18 7 28 20 13 3 8 9 26 27 19 17 25 15 24 23 29 32 35
686 6 10 5 4 33 30 1 34 14 22 21 12 31 16 2 18 11 7 3 28 20 26 8 9 27 19 13 15 17 25 23 32 29 24 35
694 5 10 1 4 22 14 12 31 34 2 21 16 9 13 27 25 24 29 19 35
39 1 5 22 10 4 12 14 31 2 11 16 34 21 28 20 9 15 13 27 25 24 29 32 19 35
55 1 22 10 4 5 31 12 2 16 34 21 14 13 9 27 29 25 19 32 24 35
62 10 1 4 5 22 33 12 2 30 11 31 34 7 21 28 20 14 8 16 9 13 18 15 29 17 25 27 32 24 19 35
101 6 1 10 5 22 4 12 2 33 31 11 30 26 7 34 14 28 20 16 8 9 18 13 15 23 29 21 27 32 17 19 3 25 24 35
130 5 1 12 22 10 31 2 4 14 16 9 13 27 34 19 25 24 21 35
204 1 5 10 22 31 4 2 33 14 11 30 7 28 20 12 9 16 13 29 15 34 32 25 27 24 21 19 35
234 10 6 1 4 22 31 33 26 2 30 14 11 8 7 28 20 5 12 16 13 23 34 29 9 17 18 15 25 24 27 19 21 3 32 35
269 6 1 10 22 31 4 26 2 33 14 8 11 7 28 20 16 5 12 23 13 30 9 17 29 18 15 25 27 19 24 32 34 21 3 35
405 6 1 22 31 26 10 2 4 33 11 7 14 28 20 16 8 5 12 9 30 13 17 18 29 25 15 27 24 32 19 34 21 3 23 35
461 1 31 2 10 4 16 14 12 9 13 25 24 27 19 34 35
497 1 2 31 10 4 16 12 9 13 25 24 27 19 34 14 35
506 6 1 22 31 2 11 26 10 7 4 28 20 33 16 5 17 9 12 25 30 13 24 18 15 27 19 32 34 21 23 3 14 8 29 35
533 1 22 31 2 10 4 5 25 12 9 13 24 15 16 32 34 27 21 29 14 19 35
561 1 22 31 2 10 11 7 4 28 5 33 25 12 13 20 24 9 16 15 27 34 29 21 19 14 32 35
667 1 10 2 31 4 25 12 13 24 9 16 34 27 19 14 35
67 10 6 1 4 22 31 17 2 11 33 5 7 25 30 12 24 13 28 23 26 20 34 9 15 21 29 16 3 32 18 14 8 27 19 35
87 6 1 10 22 31 17 2 11 4 7 25 33 24 30 5 13 28 12 26 20 34 9 15 21 29 16 3 18 14 32 27 19 8 23 35
155 10 1 17 22 31 4 2 11 33 25 24 5 30 13 12 7 34 9 28 21 29 15 3 16 18 32 27 20 23 19 14 8 35
205 1 22 31 10 4 2 5 25 24 12 13 34 11 9 21 15 29 32 16 27 28 14 19 35
317 6 1 22 10 4 31 33 17 2 25 24 5 30 13 26 34 9 11 21 15 7 3 29 32 16 18 12 27 14 28 19 8 20 23 35
373 1 31 10 4 2 25 13 34 9 16 27 12 14 19 24 35
422 1 22 10 4 31 33 17 2 13 30 25 34 9 21 15 11 29 7 16 18 32 27 14 5 19 28 8 24 20 12 23 35
498 6 1 22 31 10 4 13 2 33 30 34 17 26 9 21 29 11 15 7 16 3 32 18 27 14 19 25 8 28 24 20 5 12 23 35
604 1 22 13 10 4 31 34 9 29 21 2 16 32 27 14 19 25 24 5 12 35
631 13 6 1 22 10 4 31 33 30 17 9 26 29 15 34 21 2 11 32 3 16 14 18 27 25 24 8 5 7 28 12 23 20 19 35
634 6 1 22 31 13 10 4 33 30 26 29 9 34 21 15 32 2 11 3 16 14 18 27 17 8 5 25 12 7 28 19 23 20 24 35
669 1 22 10 4 31 9 34 13 32 21 2 16 14 27 25 5 12 19 24 29 35
12 6 1 22 31 10 4 9 26 33 13 15 30 2 32 34 11 16 21 14 18 27 17 25 8 5 12 7 28 20 19 24 23 29 3 35
68 1 22 31 9 10 13 4 15 33 30 32 34 2 14 16 21 17 18 27 8 25 5 12 11 7 24 19 28 29 23 20 35
151 6 1 22 31 26 10 13 4 9 33 30 15 14 34 2 16 17 21 18 27 8 5 12 25 24 11 7 19 29 28 23 3 20 32 35
159 1 31 13 9 10 4 14 34 16 2 27 12 25 19 24 35
367 6 1 22 31 26 9 14 13 10 15 4 33 16 30 34 8 2 18 27 5 12 17 25 19 11 7 29 32 28 23 24 20 21 3 35
455 1 22 31 14 13 10 9 4 33 16 30 34 27 15 5 12 25 19 2 29 32 11 24 7 21 28 20 35
581 1 22 14 31 10 4 13 16 34 27 9 25 5 12 2 19 29 24 21 35
664 1 22 31 14 13 10 16 4 33 27 30 9 25 2 5 12 11 29 19 15 24 34 7 21 28 20 32 35
81 1 31 14 16 13 10 4 27 9 2 12 19 34 25 24 35
143 1 22 14 31 13 16 27 10 9 4 2 19 5 29 34 25 12 21 24 35
210 14 6 1 22 31 26 8 16 18 9 10 27 4 33 2 30 11 13 15 5 19 34 7 29 32 12 17 21 28 20 3 23 25 24 35
235 1 22 31 14 16 9 10 4 27 2 11 13 15 34 19 29 32 21 5 12 28 20 25 24 35
366 6 1 22 31 26 14 10 9 16 4 33 18 30 2 11 34 15 27 8 7 19 21 32 13 3 5 12 23 28 20 29 17 25 24 35
376 6 1 22 10 14 31 16 9 4 18 33 30 34 26 2 27 15 8 19 21 11 32 3 13 7 5 12 29 28 20 17 25 24 23 35
418 1 22 14 31 10 9 4 16 34 2 15 27 32 11 21 13 29 5 12 28 20 25 24 19 35
454 6 1 22 10 9 31 4 33 14 30 34 2 15 26 16 32 8 18 21 11 7 3 27 13 28 29 5 17 20 12 25 24 19 23 35
540 1 31 10 4 14 2 34 9 16 13 27 12 25 24 19 35
185 6 1 22 10 4 14 33 30 2 9 34 31 16 15 8 18 21 11 3 7 28 13 29 27 5 20 26 12 23 17 19 32 25 24 35
323 10 1 4 14 22 2 34 16 31 9 21 13 29 27 5 19 12 25 24 32 35
371 6 1 10 4 33 30 22 34 2 31 16 14 21 9 18 3 13 11 29 7 28 26 15 27 20 19 8 17 25 5 32 24 12 23 35
519 10 4 6 33 30 1 34 22 31 21 14 16 3 9 18 2 11 13 26 7 28 15 27 20 17 8 19 25 32 5 24 12 23 29 35
618 10 4 34 21 1 22 31 14 9 2 16 13 11 15 28 20 25 27 24 32 5 29 12 19 35
138 10 4 33 30 34 21 1 9 14 22 16 2 13 15 11 31 7 28 25 20 24 27 32 5 29 19 12 35
156 10 4 33 30 34 21 3 9 6 14 1 22 15 2 16 17 11 31 25 7 28 24 20 18 8 32 27 5 19 13 26 12 23 29 35
176 10 4 34 21 14 1 22 9 2 16 11 31 25 28 24 20 5 27 15 13 19 12 29 32 35
242 10 4 33 14 34 1 21 9 22 2 11 25 31 7 24 28 20 5 16 15 13 12 27 32 29 19 35
300 10 4 33 6 30 34 1 9 21 22 17 3 25 2 11 31 24 7 28 20 14 15 16 5 26 13 18 32 27 12 29 19 23 8 35
312 6 10 4 1 33 30 22 34 21 17 25 3 31 2 11 7 28 24 20 14 9 26 5 16 13 18 15 12 29 27 23 8 19 32 35
382 10 4 6 33 30 1 17 34 21 25 3 22 31 2 11 24 7 28 9 26 14 5 13 16 15 12 18 23 29 27 32 19 8 20 35
392 10 4 1 25 34 22 31 21 2 11 24 28 9 14 5 16 15 13 12 27 32 29 19 35
463 10 4 25 34 1 21 2 22 24 14 31 9 16 13 5 27 12 29 32 19 35
218 10 4 33 6 30 17 1 34 21 2 11 22 7 28 25 14 31 26 9 24 16 5 15 18 12 27 13 8 32 3 23 20 19 29 35
233 10 4 1 2 34 14 25 31 9 16 24 12 13 27 19 35
398 10 4 6 2 33 17 30 34 1 11 7 28 14 25 22 9 31 26 24 16 18 15 5 12 8 32 27 20 21 23 3 19 13 29 35
445 2 10 4 1 14 25 22 34 24 31 9 16 5 12 21 27 19 13 29 35
465 2 10 4 11 14 28 25 24 34 1 22 31 5 16 9 12 15 27 21 13 29 19 32 35
468 2 10 4 6 11 33 7 30 14 28 17 25 1 22 34 31 26 24 20 9 16 8 5 12 15 18 27 21 3 13 29 32 19 23 35
555 2 10 11 7 4 28 14 33 1 30 17 22 31 34 26 20 25 9 8 16 15 5 12 18 27 21 13 29 3 32 23 19 24 35
671 2 11 10 7 28 4 14 33 30 1 34 22 31 20 25 16 9 5 12 21 13 27 29 15 24 19 32 35
53 2 11 7 28 10 4 33 1 34 22 31 20 25 14 9 5 21 12 16 27 15 13 24 32 19 29 35
157 2 11 7 28 10 4 33 17 6 30 34 1 20 22 31 9 25 14 21 5 8 16 3 12 15 18 27 13 23 24 32 29 19 26 35
243 2 11 28 10 4 1 22 31 34 25 21 14 16 5 12 9 27 13 24 15 19 29 32 35
334 2 11 7 17 10 4 6 33 28 1 22 30 31 25 34 16 14 21 5 12 8 18 9 3 27 24 13 19 23 15 26 29 32 20 35
396 2 11 10 4 1 22 31 34 25 16 21 5 14 12 27 9 13 24 19 15 29 32 28 35
430 6 2 11 1 17 10 22 7 4 31 33 30 16 25 34 18 14 5 8 12 21 27 13 9 19 26 24 29 23 15 28 20 32 3 35
521 6 1 2 22 17 11 31 7 10 16 4 33 18 25 30 34 5 14 27 21 12 13 19 9 29 26 24 15 28 23 32 20 3 8 35
569 6 1 22 31 17 2 16 10 11 18 4 33 30 34 25 27 14 7 13 21 5 29 19 9 26 15 24 32 28 12 8 3 20 23 35
583 1 22 2 16 11 10 4 33 27 34 25 14 13 7 29 21 31 19 9 24 15 32 28 5 20 12 35
119 6 1 22 2 11 16 10 4 18 33 30 27 14 34 17 7 13 29 31 21 19 26 9 25 8 15 32 28 20 5 3 12 23 24 35
245 6 1 22 16 10 2 18 4 33 27 14 30 17 34 11 31 13 29 19 26 21 8 25 9 15 32 7 3 28 20 24 5 12 23 35
247 16 1 22 2 27 10 4 14 33 31 11 30 19 13 29 34 25 9 15 32 7 21 24 28 20 5 12 35
253 6 1 16 2 22 18 17 10 4 14 31 33 11 30 27 26 19 13 25 8 34 9 15 32 7 24 21 28 20 5 12 23 3 29 35
278 16 2 1 10 4 22 31 27 19 25 13 34 9 14 21 24 5 12 29 35
385 2 16 10 4 1 22 27 19 31 25 13 34 14 9 21 24 5 12 29 35
625 2 16 10 4 1 33 11 22 30 31 25 27 14 34 13 7 19 9 21 28 15 24 20 5 12 29 32 35
21 16 2 10 4 1 33 11 22 31 27 14 34 7 13 9 21 19 15 28 25 20 5 12 32 29 24 35
33 2 16 1 10 4 11 22 33 31 18 27 14 17 30 7 9 13 15 19 34 28 25 21 20 8 5 32 12 23 29 24 35
162 2 16 6 11 10 4 33 1 22 14 18 27 7 17 30 13 9 15 28 19 34 20 25 21 8 5 31 32 12 23 29 24 3 26 35
227 2 16 10 4 14 1 27 13 9 34 19 25 12 24 31 35
230 10 2 11 14 4 33 7 16 6 17 18 27 13 30 9 34 28 15 25 20 19 8 21 32 5 12 1 24 23 29 3 22 31 26 35
264 2 11 14 10 4 16 27 13 34 28 25 9 19 5 21 15 12 24 1 29 22 31 32 35
404 14 2 11 10 4 7 33 17 16 30 13 18 34 6 28 9 20 25 8 5 27 21 15 12 1 23 24 3 22 29 31 26 32 19 35
426 2 11 10 7 4 33 30 16 14 34 18 13 28 6 9 20 8 17 21 27 5 1 15 12 3 23 25 22 31 29 26 19 32 24 35
432 10 2 11 4 33 30 14 34 7 28 13 16 9 6 20 17 8 21 5 1 18 15 12 3 25 23 22 31 26 29 24 32 27 19 35
564 2 11 10 14 4 33 7 28 30 13 9 16 20 6 17 8 5 34 15 1 18 12 25 21 23 22 31 29 26 24 32 27 19 3 35
606 14 10 2 4 33 11 13 30 7 16 9 28 8 6 17 5 15 34 12 18 1 23 21 25 29 22 31 32 26 24 27 19 3 20 35
679 2 10 4 13 16 9 14 12 34 1 25 31 27 24 19 35
120 10 4 2 11 13 16 28 9 14 5 12 34 15 21 25 29 1 27 32 22 24 19 31 20 35
337 10 4 13 2 16 9 14 5 12 34 21 25 29 27 1 24 32 22 19 31 35
447 13 10 4 2 16 33 11 7 17 14 5 9 12 15 30 18 25 34 23 29 6 27 24 1 19 32 22 8 31 21 28 20 26 3 35
489 10 4 13 16 2 14 9 12 34 25 27 24 19 1 31 35
511 13 10 4 2 17 16 11 14 9 5 12 33 15 18 30 25 29 23 24 6 27 8 1 19 32 22 34 7 31 21 28 20 26 3 35
619 2 13 10 11 16 17 5 9 14 12 15 4 18 25 33 23 29 24 6 27 8 1 19 32 22 7 30 31 28 34 26 20 21 3 35
648 10 13 2 17 11 16 14 9 5 4 15 18 33 25 12 24 29 23 8 27 32 19 1 30 7 22 34 28 31 21 20 35
683 2 13 10 16 9 4 5 25 24 12 29 14 32 27 19 1 34 22 21 31 35
27 13 10 2 9 4 25 16 24 12 14 27 19 34 1 31 35
114 10 13 17 4 9 2 33 5 15 29 16 25 14 12 24 23 32 18 30 27 19 34 11 1 21 7 22 28 31 8 20 35
289 13 10 4 9 29 5 15 16 25 14 12 24 32 27 19 34 1 2 21 22 11 31 28 20 35
395 13 10 4 17 29 9 16 15 33 25 5 12 24 30 23 18 27 32 19 6 34 2 1 21 11 22 3 7 31 26 28 20 14 8 35
415 10 4 13 16 9 29 15 33 17 5 12 25 23 18 30 27 19 32 2 34 1 11 21 22 7 31 28 20 24 14 8 35
485 10 4 16 13 29 9 33 5 15 12 30 18 27 19 32 34 2 1 21 11 22 7 31 28 20 14 25 24 35
559 10 4 16 9 13 5 12 15 27 19 32 34 1 21 29 22 2 31 25 24 14 35
592 10 4 16 13 5 12 9 15 27 19 34 32 21 29 1 2 22 11 31 25 28 20 14 24 35
620 16 10 4 5 12 13 9 33 15 18 27 19 30 32 34 1 29 21 22 2 11 31 25 7 14 28 20 24 35
638 10 4 5 13 12 16 9 27 19 15 34 32 29 21 1 2 11 22 25 31 28 24 14 35
82 5 13 10 16 12 4 17 23 9 18 27 33 19 15 30 6 29 32 1 34 21 22 2 11 25 31 7 26 3 28 24 14 8 20 35
98 10 5 16 4 12 9 27 19 15 32 1 13 34 21 22 25 29 2 31 11 24 14 28 20 35
126 16 5 10 9 12 4 27 19 33 15 32 1 13 30 22 25 34 31 2 29 11 21 24 14 7 28 20 35
116 17 10 5 12 9 16 4 23 18 6 33 27 1 15 32 22 30 13 25 31 34 2 26 29 24 11 21 7 14 8 28 20 3 19 35
196 10 4 12 9 16 27 1 13 25 2 34 24 31 14 19 35
339 5 10 4 12 23 9 33 17 16 6 15 18 1 32 30 13 25 2 22 29 34 31 24 11 21 7 28 14 8 20 26 3 27 19 35
357 5 12 10 9 4 16 15 1 13 32 33 2 22 25 29 31 30 11 24 34 14 7 28 20 27 19 21 35
413 10 9 5 4 6 12 17 15 23 13 1 16 33 32 2 29 22 25 30 31 11 34 24 14 8 7 28 26 20 18 21 3 27 19 35
487 5 9 10 12 13 16 1 4 2 25 22 31 24 14 34 27 19 21 35
580 5 17 9 12 23 16 15 10 1 4 13 2 25 32 22 31 33 11 24 30 14 8 7 28 18 20 27 34 19 21 29 35
666 6 9 17 5 12 23 1 15 10 13 2 4 22 32 25 31 11 33 26 24 30 7 14 8 28 20 16 34 18 27 29 21 3 19 35
316 5 17 9 12 23 13 15 1 2 22 10 25 32 31 11 4 24 7 33 14 8 28 16 20 30 18 27 29 19 34 21 35
397 9 17 5 13 12 23 15 2 6 25 1 22 32 11 31 24 26 10 7 4 33 28 16 14 20 18 30 29 27 19 34 21 3 8 35
406 5 13 17 12 23 9 2 6 25 1 22 15 11 31 24 7 26 10 28 4 33 20 16 14 18 30 29 27 19 34 8 21 3 32 35
509 13 5 12 9 2 23 6 1 17 22 15 11 31 7 25 10 26 28 4 33 20 14 16 18 30 27 29 8 34 19 21 3 32 24 35
520 12 9 2 1 13 31 10 4 14 16 27 19 34 25 24 35
522 5 12 2 1 13 22 31 11 9 10 4 14 28 16 20 29 27 19 34 21 15 25 24 32 35
570 6 2 5 13 1 12 22 31 11 10 7 23 26 4 9 14 33 28 16 30 20 8 29 18 27 19 34 21 3 15 32 17 25 24 35
31 2 13 1 22 5 10 31 12 4 14 9 16 27 29 34 21 19 15 32 25 24 35
69 1 2 5 22 11 31 7 10 12 4 28 9 14 16 20 33 27 34 13 19 21 15 32 25 24 29 35
187 6 1 2 22 31 11 7 10 5 26 28 4 16 9 12 18 20 33 27 30 14 19 13 34 21 3 17 15 32 23 29 25 24 8 35
228 6 1 22 31 2 11 10 26 7 4 28 16 18 5 12 33 20 27 30 19 9 34 21 13 3 17 15 23 29 32 25 24 14 8 35
340 6 1 22 10 31 2 4 26 11 7 28 16 33 5 12 30 20 18 9 34 27 21 3 19 15 17 23 32 25 13 14 8 24 29 35
554 10 1 4 2 22 11 31 28 16 5 20 9 34 21 27 15 19 32 12 25 14 24 13 29 35
556 1 10 22 4 2 31 16 5 9 34 27 21 19 12 14 25 24 13 29 35
565 10 6 1 2 4 22 11 16 33 7 5 30 28 18 31 27 34 9 19 21 3 12 15 32 20 14 26 23 8 17 13 29 25 24 35
599 6 1 2 22 11 10 16 7 4 28 5 33 31 18 27 9 19 30 12 34 21 15 32 20 26 14 23 8 13 17 29 25 24 3 35
622 2 6 1 10 11 16 4 7 28 5 33 22 9 18 27 12 30 19 15 34 21 32 20 31 23 14 8 17 13 29 25 24 3 26 35
697 10 1 4 2 5 22 9 12 16 27 34 21 31 14 25 13 24 19 35
50 1 10 2 4 12 16 27 34 9 31 14 25 13 19 24 35
190 10 2 6 11 7 28 4 5 12 33 1 22 30 16 18 34 9 31 21 20 15 14 17 23 8 25 13 3 29 26 24 32 27 19 35
287 2 11 10 28 4 33 5 12 1 34 16 9 21 22 15 20 14 13 25 29 24 31 32 27 19 35
304 10 2 11 4 33 7 30 5 12 34 6 1 16 18 9 21 22 15 14 17 28 13 23 8 29 3 25 31 32 24 27 19 26 20 35
347 10 4 2 33 30 11 34 5 12 6 1 16 21 9 18 14 22 15 13 17 7 8 29 23 3 31 25 24 32 27 26 19 28 20 35
505 2 10 4 11 33 30 5 12 6 1 34 21 9 14 16 15 13 22 17 7 8 29 23 3 25 24 31 32 26 18 28 20 27 19 35
529 2 10 4 1 5 9 34 21 14 12 22 16 13 25 31 24 27 19 29 35
616 2 11 10 4 33 5 9 1 30 34 21 12 15 22 7 17 16 13 14 32 25 31 28 24 20 18 29 27 19 8 35
110 2 11 10 5 4 33 30 6 1 12 34 21 7 22 9 17 3 16 23 14 13 25 31 15 24 28 26 20 29 18 8 27 19 32 35
301 2 10 4 1 5 34 21 22 9 16 12 13 25 14 31 24 27 19 35
363 10 4 2 33 30 6 1 11 7 34 21 22 17 3 9 16 13 5 25 31 14 24 15 28 26 29 20 18 32 8 27 19 12 23 35
534 2 10 4 1 33 11 22 34 21 9 16 13 5 31 14 25 28 15 20 29 32 27 12 19 24 35
608 2 10 4 11 33 1 34 21 9 16 22 5 31 28 14 25 20 15 32 13 27 12 19 24 29 35
658 10 4 2 33 6 11 30 34 1 21 16 9 3 5 22 17 31 7 25 28 20 18 26 15 32 13 14 12 27 19 23 24 29 8 35
28 2 10 4 11 33 1 30 34 9 21 5 22 7 25 31 28 20 16 15 32 12 13 27 19 29 24 14 35
211 10 4 2 1 34 9 31 16 12 13 27 19 14 25 24 35
257 2 10 4 33 30 6 11 34 21 3 1 22 7 9 31 28 20 5 15 16 26 32 12 23 13 29 18 27 19 14 8 17 25 24 35
483 10 4 33 30 2 34 21 1 22 11 9 31 7 15 5 28 32 20 12 13 29 16 18 14 8 27 17 25 24 19 35
678 10 4 2 1 34 31 9 12 13 16 14 27 19 25 24 35
74 10 4 33 30 6 1 34 21 2 3 22 11 9 31 7 15 28 5 26 20 12 32 23 13 14 16 18 8 17 27 29 25 24 19 35
140 10 4 33 6 1 30 2 34 21 22 11 9 31 7 15 26 28 3 20 32 5 14 12 23 8 16 18 17 27 13 25 24 19 29 35
174 10 4 2 34 1 31 9 12 14 16 25 13 27 24 19 35
258 10 4 33 30 34 2 21 11 6 7 1 22 9 3 31 5 28 20 15 32 12 23 17 14 16 18 25 27 13 24 19 29 8 26 35
261 10 4 33 34 21 2 11 7 9 1 5 22 15 28 20 32 12 16 14 27 25 13 19 24 29 31 35
293 10 4 33 30 34 21 9 2 11 6 1 3 22 5 15 32 7 28 12 23 16 14 18 20 13 27 17 29 19 25 31 26 8 24 35
379 10 4 33 9 30 34 6 21 2 1 22 3 15 32 5 12 11 7 16 23 14 18 13 28 17 27 29 25 31 19 24 26 8 20 35
469 9 10 4 2 1 34 15 22 21 5 12 32 16 11 14 13 28 27 29 19 31 25 24 35
665 10 4 33 30 2 1 34 9 22 21 5 12 16 15 11 7 14 13 28 27 29 19 31 25 20 24 32 35
668 6 10 4 1 33 30 9 22 34 21 5 12 15 2 11 14 13 7 3 23 16 29 28 18 31 17 27 26 8 25 32 24 20 19 35
216 6 1 10 9 4 33 22 30 34 5 12 15 14 2 11 13 7 21 29 23 3 31 28 16 26 17 18 25 32 8 24 20 27 19 35
309 9 10 4 1 5 34 12 15 14 13 2 11 29 21 22 28 16 31 25 32 24 27 19 35
420 10 4 33 5 1 30 34 12 13 14 9 29 2 11 21 7 22 28 16 18 31 17 25 15 24 20 8 27 19 32 35
434 10 4 33 30 1 13 34 5 29 9 14 21 2 11 7 12 16 22 28 31 15 25 24 27 20 32 19 35
493 10 4 13 34 29 5 21 1 14 9 2 16 12 11 22 31 15 27 25 24 32 28 19 20 35
495 10 4 13 34 14 1 2 16 9 12 27 31 25 24 19 35
549 10 4 13 34 14 2 9 1 12 16 31 25 24 27 19 35
550 10 4 33 13 30 34 29 21 14 9 6 2 1 11 5 22 7 12 8 17 16 15 31 28 32 25 24 3 20 18 26 23 27 19 35
577 10 4 33 30 34 13 9 14 21 2 6 1 11 5 22 7 12 8 15 16 17 32 28 31 25 24 3 20 18 26 23 27 19 29 35
585 10 4 33 9 13 30 14 2 34 11 1 7 22 5 15 12 16 32 25 28 31 24 20 21 18 27 19 29 35
633 9 10 4 14 33 34 2 11 7 13 5 1 12 15 16 32 25 24 28 22 21 20 27 31 19 29 35
672 10 4 14 33 30 34 2 11 7 13 1 5 12 9 15 32 25 24 22 28 16 21 20 31 18 27 29 19 35
9 14 10 4 33 30 34 13 2 11 8 7 6 5 12 9 15 32 17 25 24 1 16 23 28 21 20 22 18 27 29 19 3 31 26 35
177 10 4 33 13 30 34 2 11 14 5 7 12 9 15 32 1 16 25 21 28 22 20 18 29 27 19 31 24 35
229 10 4 33 30 34 13 14 5 2 12 6 11 7 9 15 17 8 1 25 16 23 21 22 28 18 29 20 27 19 3 24 31 26 32 35
271 10 4 33 13 30 34 2 5 12 11 7 6 17 9 15 25 1 14 23 21 16 28 22 18 20 29 27 3 24 19 32 31 26 8 35
295 13 10 4 34 12 2 9 25 14 1 22 16 24 27 31 19 35
490 13 10 4 5 33 30 2 17 12 11 6 34 25 23 9 1 14 21 7 28 22 29 20 16 18 3 15 24 27 8 31 26 19 32 35
525 13 10 4 2 11 5 25 34 1 9 12 14 21 28 22 29 20 16 24 15 31 32 27 19 35
635 10 4 13 2 34 25 9 12 14 1 24 16 31 27 19 35
212 10 4 33 30 13 2 34 11 17 25 9 21 7 5 14 29 28 1 20 12 16 24 8 22 15 31 18 32 27 19 35
364 10 4 34 2 25 9 14 13 1 24 16 31 27 19 12 35
443 10 4 34 2 14 9 25 13 24 16 1 31 27 19 12 35
145 10 4 33 30 34 21 17 14 2 25 9 11 6 7 13 3 28 20 24 8 5 1 15 29 22 31 16 32 18 27 26 12 23 19 35
194 10 4 34 2 25 21 9 13 24 1 5 14 22 31 16 27 12 19 35
279 17 10 4 2 33 30 25 34 21 11 7 6 28 3 13 20 24 1 5 14 9 22 29 15 31 26 32 12 16 18 23 8 27 19 35
408 10 4 25 33 30 34 21 2 11 7 13 28 1 5 24 22 14 20 31 29 9 12 15 16 27 19 32 35
586 17 25 10 4 33 30 2 34 21 11 7 13 28 3 6 5 24 1 20 14 22 9 29 31 15 12 23 16 18 8 32 27 19 26 35
80 17 25 10 2 4 33 11 30 34 7 28 13 6 21 3 20 24 1 9 14 22 15 31 29 16 5 12 32 8 18 26 27 19 23 35
400 25 10 4 2 34 11 28 21 20 24 1 9 22 15 14 31 16 13 32 5 12 27 19 29 35
466 10 4 17 33 30 2 34 11 6 21 7 28 3 20 25 9 1 22 15 14 31 32 13 24 5 12 26 8 16 18 23 29 27 19 35
2 10 4 2 34 25 1 9 31 14 24 13 16 27 19 35
89 10 4 2 33 30 34 11 7 21 28 20 1 22 31 25 14 5 9 24 15 12 16 18 27 19 32 13 29 35
93 6 10 4 33 30 34 21 2 11 1 7 28 22 17 3 31 14 25 26 5 9 8 24 15 16 12 23 18 27 19 32 20 13 29 35
124 10 4 33 30 34 21 1 2 22 11 7 31 25 28 5 9 14 16 15 24 12 18 27 19 32 13 29 20 35
246 10 4 34 1 22 2 21 31 25 5 14 16 9 24 12 27 19 13 35
292 10 4 33 30 34 6 1 22 2 21 31 11 26 7 17 14 5 28 16 9 25 12 23 15 18 27 19 13 8 32 29 3 20 24 35
411 10 4 34 21 2 1 11 22 31 28 5 14 25 9 12 15 16 13 27 32 29 24 19 35
514 10 4 33 30 34 21 6 1 2 17 22 31 26 11 7 25 14 5 9 15 12 13 16 23 32 18 27 29 24 8 3 19 28 20 35
548 10 4 33 30 34 1 17 21 22 31 25 2 11 5 9 14 12 15 7 23 32 16 18 27 13 8 24 19 28 20 29 35
154 10 4 1 22 34 21 31 5 25 2 14 12 9 32 16 13 27 24 19 29 35
436 10 4 6 33 30 1 34 21 22 17 31 26 2 25 14 9 5 12 15 32 11 23 16 18 8 3 27 24 19 13 7 28 20 29 35
629 10 4 34 21 1 2 22 31 9 25 14 5 12 15 32 11 16 27 24 19 13 28 20 29 35
637 10 4 34 1 31 2 25 9 16 27 14 24 19 13 35
1 6 10 4 1 33 30 22 17 34 31 25 2 9 5 12 15 16 23 32 18 11 14 27 24 13 19 21 26 7 28 8 29 20 3 35
88 10 4 1 34 22 31 9 2 15 5 12 32 16 14 11 13 27 25 21 19 28 29 20 24 35
241 6 10 4 1 33 30 22 31 34 2 17 9 5 12 15 16 18 23 13 11 32 27 21 25 26 19 14 29 7 28 20 3 24 8 35
356 10 4 6 33 30 1 34 2 22 5 9 31 12 16 15 23 13 18 11 27 32 21 26 17 29 19 14 7 28 20 3 8 25 24 35
693 6 10 4 1 33 30 5 22 2 12 31 34 23 16 9 18 11 13 27 21 15 26 29 17 19 7 14 28 20 3 8 25 24 32 35
38 10 4 1 2 34 31 12 16 27 13 9 19 14 25 24 35
136 10 4 33 30 6 1 34 5 22 12 23 31 16 18 2 21 27 11 9 26 17 19 14 13 8 7 28 3 25 20 15 32 24 29 35
251 10 4 1 22 5 12 31 16 2 34 11 27 9 19 13 14 28 21 25 20 15 24 29 32 35
268 10 4 1 12 16 2 34 27 9 19 13 31 14 25 24 35
319 10 4 5 12 16 1 2 34 27 9 19 13 22 14 31 25 24 35
691 10 4 33 5 12 16 1 2 9 27 11 13 19 7 22 34 25 31 14 29 28 24 15 20 21 32 35
274 10 4 16 12 2 9 27 13 19 25 34 1 14 24 31 35
282 5 10 4 12 33 16 23 2 6 30 9 11 7 13 18 17 25 27 14 34 1 28 22 29 24 15 20 8 21 32 3 31 26 19 35
423 12 10 16 4 2 13 27 14 25 1 34 24 9 31 19 35
532 10 5 12 16 6 4 2 33 30 13 11 7 17 18 27 14 25 1 28 22 34 8 24 29 9 20 21 15 31 3 32 19 26 23 35
676 5 12 16 2 6 10 4 33 30 11 7 17 14 18 27 28 1 25 8 22 34 9 24 13 15 20 21 32 31 3 26 23 19 29 35
695 16 5 12 10 4 2 33 30 11 14 7 27 28 25 9 34 1 24 15 13 32 21 20 22 31 19 29 35
125 10 16 5 4 33 12 30 14 2 17 18 11 27 8 7 25 6 28 34 24 1 13 9 15 21 3 20 19 22 31 26 23 29 32 35
361 16 10 4 33 30 5 14 2 17 11 18 27 8 7 25 6 28 34 1 24 13 9 15 21 20 19 3 22 31 26 32 29 12 23 35
661 10 4 14 2 16 25 1 34 13 24 9 27 31 12 19 35
180 14 10 4 5 33 30 8 2 11 6 16 18 7 1 17 34 28 13 9 20 25 15 21 22 3 31 27 32 29 26 12 23 19 24 35
387 5 10 4 14 2 16 1 34 9 25 22 21 31 27 12 13 24 19 35
391 10 4 14 2 5 11 16 34 1 9 15 28 25 22 21 32 31 12 13 24 29 27 19 35
46 10 4 2 5 14 34 16 1 9 25 21 22 31 12 13 24 27 19 29 32 35
57 10 4 5 2 14 16 1 9 25 34 22 21 12 31 27 24 13 19 32 29 35
95 5 10 4 33 6 2 14 30 16 8 1 11 9 7 17 34 28 20 21 15 22 12 31 18 23 26 27 13 19 25 3 32 29 24 35
128 10 4 14 2 16 1 9 34 31 13 27 25 19 24 35
513 5 10 14 2 1 16 4 11 9 22 31 15 12 13 27 25 29 19 34 32 24 21 35
596 14 5 1 2 16 10 9 4 22 31 12 13 27 25 19 24 34 21 35
646 14 5 2 1 11 9 10 7 28 16 20 4 22 15 33 31 12 13 27 29 19 32 30 25 34 21 24 35
85 14 8 5 1 2 9 11 7 16 28 20 15 22 10 31 12 4 18 23 27 13 29 32 19 17 25 33 30 24 34 21 35
164 5 14 2 1 16 9 22 31 10 12 4 27 13 25 19 24 34 21 29 35
350 14 2 1 11 16 7 28 22 20 9 10 31 5 4 27 15 12 13 32 19 25 24 33 34 21 29 35
368 6 14 8 16 1 2 22 11 7 9 28 20 5 31 10 18 27 26 15 12 13 19 32 17 25 24 4 33 30 34 23 29 21 3 35
536 16 14 1 22 2 9 11 5 28 31 10 15 27 13 12 19 32 25 4 24 34 29 21 35
552 6 1 14 22 16 2 5 11 7 31 28 20 10 18 9 26 27 13 19 12 15 4 32 17 33 23 25 30 34 29 21 3 8 24 35
562 6 1 22 5 2 14 31 11 7 28 20 10 26 9 16 18 27 19 12 4 15 33 32 13 23 30 17 34 21 29 3 8 25 24 35
610 1 2 31 10 16 9 27 19 12 4 14 34 13 25 24 35
680 2 5 6 11 1 22 7 28 10 20 31 26 9 16 18 4 12 27 33 23 15 17 14 32 30 34 21 25 13 3 24 29 8 19 35
30 6 5 2 1 22 11 10 7 28 9 31 26 4 16 18 33 27 12 15 17 23 32 14 30 34 21 25 3 13 24 8 29 19 20 35
132 1 2 9 31 10 16 4 27 12 14 25 34 13 24 19 35
168 1 22 5 9 2 31 10 4 16 12 14 27 34 21 13 19 25 24 35
467 6 1 22 2 9 31 11 7 26 28 15 5 16 12 10 32 18 23 27 14 4 8 17 33 13 30 34 20 19 25 29 24 21 3 35
543 1 22 31 9 2 11 7 5 16 15 12 32 28 18 27 14 8 10 13 4 33 20 30 34 19 29 17 21 25 24 35
670 6 1 22 31 26 2 11 7 9 15 5 12 28 32 23 14 16 18 8 13 10 20 4 33 30 34 27 17 29 21 25 24 3 19 35
72 6 1 22 31 26 2 11 7 9 5 12 28 23 15 32 16 18 14 10 20 13 4 33 30 17 34 27 25 21 29 24 3 19 8 35
86 6 1 22 2 11 31 9 7 5 28 12 23 15 32 16 18 10 14 13 4 20 17 33 30 27 25 34 24 29 21 19 3 8 26 35
308 2 1 11 22 31 7 28 5 12 23 9 16 18 15 14 10 13 4 20 17 33 30 27 34 25 24 21 29 19 8 3 32 35
318 2 11 1 22 28 31 5 16 9 12 14 15 10 4 13 34 27 25 24 21 19 29 32 35
546 2 11 1 22 7 16 5 31 9 12 14 15 10 4 13 33 28 27 25 34 24 21 19 29 32 20 35
214 2 1 22 5 31 9 12 16 10 4 13 27 34 25 24 21 19 14 29 32 35
384 2 11 5 1 22 12 9 31 10 7 16 15 4 33 30 13 34 28 21 25 24 14 27 32 29 20 19 35
421 2 1 22 5 10 31 9 16 15 4 34 13 21 25 24 14 27 12 29 32 19 35
587 2 10 5 1 9 16 22 4 34 13 25 21 24 27 14 12 31 19 35
179 10 2 1 9 16 4 34 25 13 24 14 27 31 19 12 35
428 10 1 9 22 2 4 15 16 34 25 21 24 14 31 27 32 5 19 13 12 29 35
486 10 6 1 4 2 22 16 33 9 30 17 11 34 21 25 18 3 7 24 14 28 27 31 15 19 5 26 8 20 13 12 23 29 32 35
478 10 4 2 16 1 22 11 34 25 21 24 28 27 14 19 31 9 5 20 13 12 29 15 32 35
481 2 10 4 33 16 6 17 30 1 11 25 34 24 21 18 7 28 3 14 27 19 5 9 22 20 8 31 13 29 12 23 15 32 26 35
597 2 10 4 16 11 1 34 25 21 28 24 27 19 14 20 9 22 31 13 29 5 12 15 32 35
135 2 10 16 11 4 1 25 28 34 27 24 21 19 14 9 22 31 13 29 5 12 15 32 35
409 2 10 16 11 4 6 7 33 30 17 25 18 28 34 27 21 24 19 20 14 9 13 1 22 8 5 29 15 12 23 3 32 31 26 35
302 10 2 11 4 25 28 16 34 21 24 27 14 9 19 1 22 5 15 13 12 31 32 29 35
354 10 4 2 33 6 11 30 17 25 34 16 7 21 24 18 27 28 20 9 19 14 1 22 5 15 3 8 31 12 23 32 26 13 29 35
567 2 10 4 11 25 16 34 24 27 28 9 1 19 21 22 5 15 31 14 12 32 13 29 35
611 10 4 2 33 6 11 30 7 17 34 25 24 28 16 18 1 20 9 21 22 27 31 15 19 3 14 5 26 32 12 13 29 8 23 35
240 10 4 33 30 2 34 11 25 24 7 16 18 1 21 9 28 27 22 31 19 15 5 14 12 13 32 29 20 35
315 10 4 25 34 2 24 16 21 1 9 27 22 31 19 14 5 13 12 35
424 10 4 25 24 34 2 9 1 16 31 27 14 13 12 19 35
558 25 10 24 4 34 21 9 2 11 16 1 14 27 22 13 15 28 5 31 12 29 32 19 35
588 10 25 4 34 21 24 2 11 16 1 14 22 13 27 5 28 9 12 31 29 15 20 19 32 35
223 25 10 4 33 30 24 34 21 2 11 1 7 22 14 16 13 18 27 28 9 5 31 12 15 29 20 32 19 35
239 10 4 17 33 30 25 34 21 3 2 11 6 7 1 22 16 13 14 18 27 28 9 31 24 26 8 5 20 29 15 19 32 12 23 35
528 10 4 34 2 1 16 14 13 9 27 31 25 19 12 24 35
609 10 4 33 30 34 17 21 3 2 11 7 14 16 1 13 18 28 9 27 22 25 31 26 8 15 20 29 19 5 32 24 12 23 35
183 10 4 33 30 34 21 3 2 11 14 7 13 16 1 9 18 28 27 22 17 8 31 26 15 29 20 32 19 5 12 23 25 24 35
501 10 4 33 30 34 21 14 2 11 7 3 6 9 16 1 28 18 27 8 17 22 15 31 26 32 20 13 19 5 12 25 24 23 29 35
544 10 4 33 30 34 21 14 2 11 3 6 7 1 16 28 8 18 27 17 22 9 31 26 15 19 13 20 25 32 5 24 29 12 23 35
99 10 4 33 30 34 21 3 2 11 1 7 16 28 14 18 27 17 9 22 31 15 19 26 13 25 20 32 5 24 12 23 29 8 35
590 10 4 34 21 2 11 1 28 14 16 9 22 31 15 13 27 32 25 24 5 12 29 19 35
43 10 4 33 30 34 1 21 2 11 7 9 16 14 22 15 31 27 13 28 25 24 32 5 12 29 19 20 35
310 10 4 33 30 34 6 21 3 2 11 7 9 17 14 16 15 18 1 27 22 31 25 13 28 24 32 5 29 12 23 8 20 19 26 35
417 10 4 33 30 34 21 3 2 11 9 7 6 14 15 16 1 18 27 22 31 17 28 13 25 32 5 29 8 12 23 20 26 19 24 35
288 10 4 33 30 34 21 2 11 3 7 14 6 16 1 9 18 27 22 28 17 31 25 13 15 5 8 29 20 12 23 19 24 26 32 35
13 10 4 2 34 11 21 16 14 9 28 27 1 25 22 5 15 13 20 29 12 19 24 32 31 35
52 10 4 34 2 14 9 16 27 25 1 13 24 19 31 35
186 10 4 33 2 30 34 11 7 21 9 14 28 17 16 18 5 6 27 25 1 20 15 8 13 12 23 29 32 24 19 22 31 26 3 35
568 2 10 4 9 34 14 16 21 25 27 1 13 5 29 12 24 19 22 31 35
571 2 10 9 4 14 16 25 34 27 13 12 24 19 1 31 35
123 10 9 2 4 33 14 30 11 7 16 18 28 34 27 21 15 13 29 20 5 12 19 32 25 1 22 31 24 35
284 2 10 4 33 30 9 16 11 7 18 28 34 27 21 13 29 15 20 5 19 12 14 32 25 1 22 31 24 35
351 2 10 4 16 27 34 13 21 29 9 5 19 12 14 25 1 22 31 24 32 35
23 10 4 16 33 30 2 18 11 7 34 27 28 17 21 13 9 5 20 19 12 15 14 25 1 8 22 31 32 24 29 35
449 10 4 2 16 34 27 21 13 5 19 12 9 25 1 14 22 31 29 24 35
613 10 4 16 2 34 21 27 13 19 9 5 12 25 1 14 22 31 24 35
682 10 4 33 30 34 16 21 2 11 13 18 27 17 19 7 9 28 20 25 6 5 15 3 1 14 22 31 29 32 26 24 8 12 23 35
306 10 4 33 16 30 34 13 2 11 17 18 27 9 19 7 25 28 20 5 15 6 14 1 21 29 22 31 24 32 26 12 23 8 3 35
152 10 4 33 13 30 34 17 16 2 18 27 11 25 19 7 5 28 20 14 9 15 29 21 6 24 1 22 12 32 31 3 23 8 26 35
412 10 4 34 2 13 16 25 27 19 14 9 24 1 31 12 35
6 10 4 33 2 30 34 13 16 17 18 11 7 27 19 25 28 20 9 29 21 15 1 24 22 14 31 32 8 5 12 23 35
327 2 10 4 13 16 27 11 19 25 28 9 29 15 34 21 24 1 14 22 32 31 5 12 35
182 10 4 2 33 16 27 19 11 7 25 9 28 15 20 13 24 34 21 14 29 32 1 5 22 12 31 35
370 10 4 33 16 27 19 25 2 11 9 15 7 24 13 28 14 34 21 29 1 32 5 22 12 31 20 35
510 16 10 4 27 19 2 9 25 14 13 34 21 29 1 22 5 32 31 12 24 35
508 10 4 16 33 30 18 2 17 27 9 11 7 15 25 14 6 13 28 34 21 29 3 1 22 32 5 8 31 26 12 20 23 24 19 35
542 16 10 4 27 9 2 25 14 13 34 1 31 19 24 35
149 10 4 16 33 30 18 9 15 17 2 11 25 6 13 14 34 29 7 32 21 3 1 22 8 31 27 5 26 28 19 20 24 12 23 35
137 10 4 33 30 16 18 17 2 9 25 11 15 34 14 13 7 32 29 21 3 6 8 1 22 27 5 31 19 28 20 24 12 23 26 35
202 10 4 16 9 2 25 34 13 14 1 27 31 19 24 35
206 10 4 33 9 30 17 15 25 16 34 13 2 29 18 11 32 21 3 14 7 6 27 1 22 19 28 31 24 20 26 8 5 12 23 35
49 10 4 9 34 25 2 13 29 16 21 14 1 22 27 31 24 5 12 19 35
165 10 4 34 9 25 2 13 16 14 1 27 31 24 19 12 35
22 10 4 33 17 9 30 2 25 15 13 11 16 32 34 21 7 6 14 1 22 18 28 31 27 20 26 24 19 5 8 29 12 23 3 35
215 10 4 2 25 13 9 34 1 14 16 31 24 27 12 19 35
563 17 2 10 25 4 33 9 13 11 15 32 7 6 30 34 14 1 22 31 28 16 24 20 18 26 29 27 8 5 21 12 23 19 3 35
